4294967279,122
4294967279,121
4294967279,120
4294967279,119
4294967278,433
4294967279,373
4294967279,187
4294967279,335
4294967278,410
4294967278,300
4294967279,172
381,4
381,3
381,2
381,1
4294967278,370
4294967294,1415
4294967294,399
4294967294,108
4294967294,119
4294967294,411
4294967278,350
379,4
379,3
379,2
379,1
4294967278,409
4294967279,157
4294967278,154
4294967279,151
4294967278,153
4294967279,536
4294967279,332
377,5
377,4
377,3
377,2
377,1
4294967278,402
376,5
376,4
376,3
376,2
376,1
4294967278,141
4294967279,139
4294967278,387
4294967279,546
375,7
4294967278,349
4294967279,350
4294967278,406
4294967278,276
4294967278,270
375,6
375,5
375,4
375,3
375,2
375,1
4294967278,404
4294967278,328
4294967279,543
4294967278,282
4294967278,265
4294967278,261
4294967279,515
4294967279,526
4294967279,357
4294967279,555
4294967279,252
4294967279,522
4294967278,323
372,7
4294967279,330
4294967278,62
4294967278,60
4294967278,58
4294967278,57
4294967278,56
4294967278,55
4294967278,54
4294967278,53
4294967278,52
4294967278,51
4294967278,50
4294967278,48
4294967278,47
4294967278,46
4294967278,45
4294967278,43
4294967278,42
4294967278,41
4294967278,40
4294967278,39
4294967278,38
4294967278,37
4294967278,36
4294967278,35
4294967278,32
4294967278,31
4294967278,28
4294967278,26
4294967278,25
4294967278,24
4294967278,23
4294967278,22
4294967278,21
4294967278,20
4294967278,19
4294967278,18
4294967278,17
4294967278,16
4294967278,15
4294967278,14
4294967278,13
4294967278,12
4294967278,11
4294967278,10
4294967278,9
4294967278,8
4294967278,7
4294967278,279
4294967278,6
4294967278,5
4294967278,259
4294967278,4
4294967279,132
4294967279,131
4294967279,130
4294967279,129
4294967279,128
4294967279,127
4294967279,126
4294967279,125
4294967279,123
4294967279,84
4294967279,82
4294967279,81
4294967279,79
4294967279,521
4294967279,72
4294967279,70
4294967279,66
4294967279,65
4294967279,63
4294967279,124
4294967279,353
372,6
372,5
372,4
372,3
372,2
372,1
4294967278,239
4294967279,375
4294967278,317
4294967279,374
4294967278,226
4294967278,224
4294967279,542
4294967278,216
4294967278,210
369,6
369,5
369,4
369,3
369,2
369,1
4294967278,204
4294967278,348
4294967278,373
4294967279,196
4294967278,194
4294967279,193
4294967278,192
4294967279,192
4294967278,347
4294967279,191
4294967279,75
4294967278,371
4294967278,379
4294967279,182
366,6
4294967294,436
366,5
366,4
366,3
366,2
366,1
4294967279,180
4294967294,398
4294967294,913
4294967294,110
4294967294,461
4294967294,405
4294967294,453
4294967278,430
4294967279,177
4294967279,300
4294967278,61
4294967278,173
4294967278,388
4294967278,172
4294967278,168
4294967278,170
4294967278,169
4294967279,169
4294967278,167
4294967278,166
4294967278,164
4294967279,164
4294967278,163
363,4
4294967278,162
363,3
363,2
363,1
4294967278,345
4294967278,49
4294967278,161
362,4
362,3
362,2
362,1
4294967279,158
4294967278,157
4294967278,44
4294967278,156
4294967279,541
4294967278,155
361,6
4294967278,152
4294967279,153
4294967278,421
361,5
4294967278,151
4294967278,150
361,4
4294967279,149
361,3
361,2
361,1
4294967278,149
4294967278,148
4294967279,145
4294967278,147
360,5
4294967278,144
360,4
360,3
360,2
360,1
4294967279,352
4294967278,422
4294967279,285
4294967279,284
4294967279,134
359,4
4294967279,133
359,3
359,2
359,1
4294967279,282
4294967278,428
4294967279,280
4294967294,468
4294967279,277
4294967278,341
357,5
357,4
4294967279,262
357,3
357,2
357,1
4294967279,261
4294967279,527
4294967279,558
4294967278,426
4294967279,274
4294967279,281
4294967279,557
4294967279,365
4294967278,339
4294967278,334
4294967278,432
4294967278,34
4294967278,33
4294967278,30
4294967278,29
4294967278,27
4294967278,375
4294967278,389
4294967294,179
4294967294,948
4294967294,168
4294967294,384
4294967294,183
4294967294,412
4294967294,456
4294967294,449
4294967294,418
4294967278,338
4294967278,322
4294967279,537
4294967278,337
4294967278,336
4294967279,244
4294967294,392
4294967278,384
4294967278,240
4294967278,243
4294967279,535
4294967278,316
4294967278,335
4294967278,222
4294967278,209
4294967278,206
4294967278,205
4294967278,200
4294967279,200
4294967279,198
4294967278,330
4294967279,197
4294967278,196
4294967278,431
4294967278,320
4294967278,251
4294967278,229
4294967278,358
4294967279,324
4294967279,528
4294967279,69
4294967279,68
4294967294,18
4294967294,127
4294967294,14
4294967294,126
4294967294,20
4294967294,13
4294967279,195
4294967279,80
4294967294,30
4294967294,942
4294967294,941
4294967294,939
4294967294,938
4294967294,933
4294967294,922
4294967294,128
4294967294,830
4294967294,829
4294967294,828
4294967294,827
4294967294,60
4294967294,12
4294967294,965
4294967294,963
4294967294,962
4294967294,961
4294967294,918
4294967294,916
4294967294,914
4294967294,910
4294967294,907
4294967294,905
4294967294,902
4294967294,901
4294967294,900
4294967294,898
4294967294,421
4294967294,401
4294967294,190
4294967294,185
4294967294,182
4294967294,176
4294967294,163
4294967294,161
4294967294,11
4294967294,68
4294967278,191
4294967278,190
4294967279,190
4294967279,189
4294967279,188
4294967279,186
4294967279,185
4294967278,182
4294967278,181
4294967279,181
4294967279,179
4294967279,64
4294967278,177
4294967279,301
4294967278,63
4294967278,301
4294967279,176
4294967279,331
2,2
4294967278,59
4294967278,298
4294967279,167
4294967279,166
356,4
356,3
356,2
356,1
4294967279,165
4294967279,163
4294967279,534
354,4
354,3
354,2
354,1
4294967279,336
4294967294,909
4294967294,899
4294967294,917
4294967278,329
352,5
352,4
352,3
352,2
352,1
4294967278,429
4294967279,562
351,5
351,4
351,3
351,2
351,1
4294967279,323
4294967279,560
4294967279,278
4294967279,329
350,6
350,5
350,4
350,3
350,2
350,1
4294967279,276
4294967278,427
4294967278,327
4294967279,533
4294967278,395
4294967279,344
4294967294,395
4294967294,407
4294967294,420
4294967294,169
4294967294,113
4294967294,416
4294967278,321
4294967278,254
347,7
4294967278,252
4294967279,367
4294967278,247
347,6
347,5
347,4
347,3
347,2
347,1
4294967279,232
4294967278,228
4294967278,218
4294967278,214
4294967278,213
4294967278,208
344,7
4294967278,203
4294967278,201
344,6
344,5
4294967278,199
344,4
4294967279,199
344,3
344,2
344,1
4294967278,198
4294967279,194
4294967294,964
4294967294,162
4294967294,170
4294967294,966
4294967294,915
4294967294,912
4294967279,60
4294967279,55
4294967279,52
4294967279,51
4294967279,50
4294967279,49
4294967279,46
4294967279,88
4294967279,41
